9782894231555
9782266187831
9782226070104
9783314217937
9782070417124
9782211220682
978B09ZDGKJBS
9782211206136
9791027604005
9782070389520
9791036339981
9782764418970
9791023509700
9782882583437
9782849640142
9782896071272
9782747029872
9782897771065
9782364744103
9782211309806
9791034738144
9782344036495
9782075132190
9782203168602
9782226434456
9782075137287
9782075090254
9782377420131
9782377310043
9782847052633
9782842607548
9782211319256
9782330053734
9782842606459
9782330026912
9782847052732
9782330014315
9782211208116
9782211207072
9782847050745
9782381980492
9782211094634
9782211089289
9782872825929
9782872825967
9782842607364
9782742759897
9782842601362
9782851815828
9782812622038
9782847051957
9782842608248
9782807101050
9782851819239
9782700256383
9782226327598
9782211208666
9782246780687
9782021011340
9782324001598
9782747026420
9782874230189
9782874260575
9782841569496
9782070577545
9782700231199
9782211077644
9782844202475
9782211077279
9782700229288
9782210963696
9781035200399
9782848657134
9782081344716
9781023500470
9782874262050
9782700239195
9782700239539
9782211209878
9782330005573
9782211207935
9782700231830
9782747003766
9782070626328
9782210969018
9782266269940
9782211057264
9782733877432
9782848652498
9782492768354
9782362311192
9782354085452
9782700251562
9782350671178
9782367401898
9782354882617
9782070642908
9782841725557
9782070634774
9782809801439
9782226159281
9782070579037
9782226149558
9782253124238
9782350002583
9782278100590
9782354888947
9782354887759
9782354885588
9782748520668
9782812623974
9782748512892
9782745943835
9782809805628
9782700237481
9782012021150
9782092594995
9782354887773
9782354886684
9782748523966
9782748521245
9782081360815
9782376864431
9782918541721
9782266325691
9782266324465
9782266306638
9782811235130
9782290193648
9782352948377
9782841568840
9782354081720
9782070446674
9782362700224
9782070437078
9782918287001
9782226295057
9782355045523
9782930607382
9782070564699
9782909640884
9782354080518
9781090597236
9782352841173
9782930941424
9782360110148
9782841161102
9782909640525
9782352941613
9782907354578
9782203064645
9791037507112
9782377317059
9782732493909
9782355581571
9781023511193
9782352940739
9782377310203
9782352412526
9782330034535
9782211213950
9782915159028
9782070342266
9791023516579
9782895372288
9782764403877
9782764402788
9782922225518
9782070632374
9782290346112
9782812621635
9782812602030
9782844207517
9782846261142
9782226446206
9791021406933
9782748529869
9782215135210
9782700256277
9782081358546
9781021402295
9782812601194
9782075107235
9782742769582
9782700232219
9782075194983
9782700227840
9782203158115
9782841467273
9782748520590
9782878331844
9782211089999
9782211032131
9782749118239
9782081619197
9782070311248
9782211014151
9782330158156
9782211311496
9782211237697
9782330063924
9782075170239
9782700242690
9782092525425
9782742771943
9782747030472
9782844205469
9782848650944
9782877308748
9782812603457
9782848651002
9782912080684
9782841567690
9782226154941
9782701163161
9782226149305
9782020572606
9791023500615
9782092505496
9782740423721
9782844202819
9782841565719
9782841565528
9782874262135
9782350009063
9782700259346
9782278085569
9782820518118
9782700242836
9782700243222
9782700250947
9782745959782
9782354502089
9782742783526
9782253126669
9782700230529
9782211079693
9782070546121
9782914401159
9782330124311
9782330087012
9782330030773
9782081261136
9782890912885
9782364740112
9782841569472
9782211307093
9782374083438
9782378011475
9782490253135
9782371650268
9781443155694
9782745930446
9782330086862
9782211230131
9782732475936
9782812610578
9782211220538
9782092524008
9782211212182
9781023500746
9782021104486
9782745953759
9782844552365
9791035202446
9782747068628
9782211042444
9782013220231
9782075159746
9782081613447
9782211046114
9782278070343
9782745927880
9782745955661
9782848653068
9782924563953
9782203118904
9782211028912
9782748510959
9782740431221
9782364740082
9782234074767
9782701163130
9782070549979
9782740410301
9782203081468
9782755607178
9782745940926
9782278089895
9782747044974
9782355581236
9782330167769
9782745938008
9782874263866
9782352902874
9782874230493
9782364749689
9791035202224
9782812610615
9782492768330
9782290367117
9782889085750
9782745956149
9782070580705
9782210965249
9782889086092
9782070663590
9782356740779
9782377312429
9782848654201
9782748516869
9782745975393
9782368361634
9782742789443
9782092535981
9782747084123
9782878339376
9782747044974
9782364744530
9782350005492
9782700236255
9782075195812
9782350003467
9781023503549
9782953495409
9782092550113
9782748523133
9782748508406
9782701164724
9782874262661
9782923841267
9782806310262
9782378880224
9782878339482
9782352413004
9782878338287
9782490253180
9782812614606
9782354880644
9782013224093
9782745918000
9782844208934
9782803678242
9782842602987
9782895124504
978B08FBNRXJB
9782890463660
9782714309877
9782072991974
9782894063491
9780345810427
9782290155158
9782764434390
9782874261992
9782369020141
9782894230954
9782764400807
9782742708512
9782760942257
9782302020092
9782203020160
9782748513400
9782226177902
9782897700638
9782874230394
9782020065641
9782021020564
9782130377115
9782070537211
9782020969192
9782916207483
9782211211505
9782266100502
9782890212107
9782092023129
9782890218239
9782924485095
9782075152594
9782890184534
9782841568857
9782851814982
9782355047046
9782742704279
9782070622092
9782278070534
9782362312427
9782092513910
9782203553668
9782374080437
9782203034419
9782070628445
9782747019064
9782416010064
9782760933521
9782896985272
9782924519752
9782266089616
9782352890935
9782330031794
9791090466210
9782700226300
9782210969261
9782020997133
9782764601532
9782369020042
9782897702670
9782896942183
9782073002518
9782092508183
9782360110186
9782747038737
9782020253796
9782211315784
9782330180553
9782092494363
9782895123897
9782211318204
9782266187824
9782073003614
9782290374764
9782266325677
9782757894972
9782490735075
9782377316144
9782374084510
9782017881100
9782408020897
9782070138623
9782745919069
9782760942196
9782764620397
9782331013294
9782889080472
9782352893424
9782408025762
9782246787235
9782874261787
9782362660276
9782890527942
9782889082186
9782812603990
9782070648092
9782889083435
9782070660872
9782897744106
9782362663567
9782377311804
9782203562882
9782246826514
9782290318157
9782013225090
9782070131495
9782724225723
9781443138673
9782259203968
9782890460720
9782075185271
9782923813998
9782848657660
9782075122306
9782922225013
9782740424605
9782895409137
